3029.31 -237.309 27259.3 6.45727 -14.2787 19.00
3029.31 -237.309 27259.3 6.45727 -14.2787 20.00
3029.31 -237.309 27259.3 6.45727 -14.2787 20.00
-2567.44 -12848.2 70047.3 5.35728 -22.0787 23.957
-4073.73 -28079.7 104249 -2.94272 -23.2787 26.048
103.914 -39883.3 130473 -13.5427 -21.9787 27.669
7335.04 -48021.7 155137 -19.4427 -13.6787 29.162
15724.7 -52595.4 177787 -20.4427 -6.67869 30.549
22783 -53421 199417 -15.6427 2.3213 31.829
27630.8 -49159.3 224627 -6.54272 15.8213 33.28
28514.7 -39493.9 249100 4.55728 27.5213 34.73
21893.9 -21559.1 270517 33.5573 49.4213 36.352
9522.96 192.018 279244 72.0573 56.1213 37.845
-4816.09 18200 274193 138.857 35.1213 39.21
-11072.5 3549.33 280610 332.657 -12.1787 40.768
-14424.1 -9694.66 364160 314.859 53.8214 45.829
-27077.8 6572.21 439669 316.259 1.42137 48.533
-32017.2 7270.94 502000 330.259 -0.978633 50.026
-39812.7 7232.69 556961 318.759 0.421367 51.584
-43779.2 7972.1 654409 314.558 1.02137 53.674
-45219.3 9009.41 736678 317.959 1.02137 55.85
-53532 8768.4 799268 325.259 -1.37863 56.81
-61894.6 6762.15 863481 317.159 -3.17863 57.472
-61405.8 5234.78 899388 299.959 -3.57863 58.474
35407 -50813.2 926902 2.55846 -127.979 60.33
87137.6 -157555 862828 -4.88844 -122.099 65.408
76913.8 -214942 813075 -28.8137 -151.598 68.000
50792 -232542 783184 -14.5884 -167.499 70.49
50504.1 -232805 782050 -13.9884 -167.199 71.554
13435.6 -236841 754836 -63.1673 -188.047 73.579
-7936.57 -232237 737834 -55.0884 -194.399 75.464
-75213.7 -238978 724686 -78.9147 -174.35 79.500
-75213.7 -238978 724686 -78.9147 -174.35 79.500
