-35782.4 3249.28 32321.2 -34.5 17.3 0.0
-35782.4 3249.28 32321.2 -34.5 17.3 0.0
-35782.4 3249.28 32321.2 -34.5 17.3 0.0
-35782.4 3249.28 32321.2 -34.5 17.3 6.741
30700.4 5937.55 25116.5 21.3 7.69999 11.37
63086.9 8821.14 34014 -47.4 12 18.709
110005 11173 22217.2 -0.599955 -16 21.226
142383 11173 23344.6 28.9 -12.8 23.061
195857 12163.8 8663.48 9.10005 -9.00002 26.133
195857 12163.8 8663.48 -10.10005 -3.00002 26.533
224694 12163.8 20510.6 37.8001 -5.10003 27.903
224694 12163.8 20510.6 67.8001 -38.10003 28.503
224694 12163.8 20510.6 57.8001 -8.10003 28.903
224694 12163.8 20510.6 40.8001 -8.10003 29.103
241455 12163.8 39875.5 61.3001 -1.40003 29.333
241455 12163.8 39875.5 31.3001 -5.40003 29.833
233973 12163.8 30657.2 34.5001 -3.30003 30.805
246833 12163.8 26503 -31.9999 16.6 32.255
283863 12108 15349.2 -13.8999 -7.60002 34.325
358363 8360.36 19042 -31.3999 1.39998 37.973
406211 7416.41 22974.8 16.4001 -5.00002 40.703
436261 7416.41 39987.6 43.7001 1.09998 42.645
572526 2864.88 15649.3 -13.0999 5.89997 53.567
658370 2864.88 19004.6 -26.2999 4.39997 58.773
690622 2864.88 5582.02 -10.3999 -11.4 60.714
723911 -48761.7 22595.2 22.7001 -28.1 66.154
695513 -60919 33013.5 31.2001 -14.7 68.159
677022 -49289.8 79015.1 -49.6999 12.6 80.901
677022 -49289.8 79015.1 -49.6999 12.6 80.901